4.89251	1	8.60425	1.14548
4.85089	1	8.51378	1.13665
4.27272	1	7.50901	1.0553
3.83934	1	7.24489	1.10563
4.12608	1	7.61205	1.11778
2.37661	1	5.76543	1.1636
3.97381	1	7.37784	1.10167
3.86181	1	7.31856	1.11827
3.8453	1	7.27935	1.11288
4.22196	1	7.77044	1.12991
5.28337	1	9.07585	1.15
5.08759	1	8.69471	1.11934
4.14185	1	7.53331	1.09451
4.19262	1	7.74286	1.13124
4.49189	1	7.77598	1.06324
2.82368	1	6.26864	1.15758
4.19559	1	7.70105	1.12047
3.64431	1	7.1607	1.1417
3.81346	1	7.37798	1.14803
3.38428	1	6.93802	1.16362
3.99079	1	7.52983	1.13507
3.84169	1	7.43284	1.15388
3.19807	1	6.57485	1.11781
2.96616	1	6.38434	1.14098
3.96204	1	7.45628	1.12474
3.78095	1	7.31722	1.14183
4.14305	1	7.58862	1.10754
4.12451	1	7.4357	1.07545
3.86794	1	7.33537	1.12085
4.01445	1	7.64539	1.15717
3.76508	1	7.20238	1.11614
2.6041	1	5.97148	1.14108
3.11449	1	6.4969	1.12278
4.21083	1	7.69439	1.11484
4.53611	1	8.31979	1.17276
4.43718	1	8.01828	1.13096
3.74932	1	7.24055	1.13102
4.0924	1	7.57415	1.11772
3.43878	1	6.92676	1.1419
4.17426	1	7.75258	1.13854
3.47707	1	6.98361	1.14568
4.11007	1	7.6966	1.1427
1.71526	1	4.96863	1.14772
5.03134	1	8.41264	1.07578
3.77219	1	7.25636	1.12835
4.26883	1	7.66947	1.09385
4.32218	1	7.81512	1.11405
4.2355	1	7.7972	1.13262
4.21035	1	7.67379	1.11007
2.72304	1	6.11064	1.14234
3.73883	1	7.03583	1.07943
3.91184	1	7.11881	1.05291
4.01456	1	7.50921	1.12321
4.49964	1	7.91976	1.09337
4.16242	1	7.73922	1.13857
4.10898	1	7.59319	1.11784
3.58718	1	7.16346	1.16065
3.46202	1	6.88301	1.1216
4.62281	1	8.3156	1.14986
3.70756	1	7.30697	1.16167
3.97936	1	7.37246	1.09878
3.81135	1	7.18864	1.09899
2.51952	1	5.89332	1.14836
4.36766	1	7.73984	1.08521
4.34501	1	7.74911	1.093
3.91156	1	7.52554	1.15696
3.7326	1	7.09473	1.09702
2.94552	1	6.38207	1.14821
4.35477	1	7.86698	1.11762
4.09805	1	7.51055	1.10066
3.99573	1	7.64102	1.16149
3.79027	1	7.16404	1.09861
3.36899	1	6.80685	1.12997
3.79987	1	7.26177	1.12156
4.24852	1	7.745	1.11686
6.06541	1	10.2087	1.1885
3.95058	1	7.47986	1.13397
5.07402	1	8.68146	1.11971
4.03598	1	7.49525	1.11379
4.0045	1	7.34415	1.08482
4.09902	1	7.64319	1.13276
3.16672	1	6.72203	1.17536
4.2499	1	7.64251	1.09238
4.24494	1	7.7221	1.11241
4.57911	1	8.09863	1.11345
3.75401	1	7.21586	1.12303
4.5969	1	7.82891	1.05047
3.8742	1	7.49813	1.16105
3.91262	1	7.34214	1.10978
3.95714	1	7.48535	1.13348
3.87256	1	7.24011	1.09491
3.63868	1	7.21647	1.15879
4.2085	1	7.58214	1.08878
3.5879	1	7.1214	1.14869
3.56015	1	7.05644	1.1394
4.65742	1	7.83733	1.03863
4.04514	1	7.53587	1.12131
3.58203	1	6.97009	1.10834
4.59046	1	7.9908	1.08721
3.75843	1	7.12926	1.09867
3.85167	1	7.34425	1.12789
3.8245	1	7.41859	1.15534
3.67527	1	6.97313	1.08105
4.09297	1	7.37077	1.06787
3.62907	1	7.0637	1.11976
4.08263	1	7.53657	1.11119
4.03357	1	7.65084	1.15303
4.31083	1	7.72486	1.09604
3.90686	1	7.19421	1.07355
3.24034	1	6.76165	1.16088
4.42824	1	7.93171	1.11369
4.36643	1	7.52531	1.03639
3.78014	1	7.29085	1.13511
3.8528	1	7.35668	1.13078
3.75822	1	7.28901	1.14123
4.0139	1	7.45206	1.10916
2.86079	1	6.23571	1.13106
3.0893	1	6.63846	1.17776
3.43194	1	6.97325	1.15773
4.00872	1	7.37478	1.09131
4.71748	1	7.77584	1.01237
3.57928	1	7.06395	1.13541
5.06678	1	8.76104	1.13702
3.72692	1	7.12776	1.10755
4.27262	1	7.89994	1.14682
3.98149	1	7.42929	1.11247
4.43889	1	7.78009	1.07687
3.6512	1	7.17416	1.14323
4.19502	1	7.73308	1.12826
3.68635	1	7.13846	1.12265
4.1331	1	7.65391	1.12601
4.23333	1	7.74296	1.12039
3.98008	1	7.31027	1.08296
3.77247	1	7.47969	1.18747
4.1498	1	7.72347	1.13824
4.00662	1	7.50995	1.12563
4.83441	1	8.69369	1.17774
5.43019	1	9.14201	1.13109
3.81809	1	7.2163	1.1043
4.01431	1	7.4527	1.10921
4.22643	1	7.79761	1.13515
3.56542	1	7.17567	1.17116
4.21133	1	7.7987	1.13948
4.16132	1	7.68898	1.1268
4.08812	1	7.78712	1.17098
3.88621	1	7.21341	1.08419
3.90464	1	7.39529	1.12566
4.08571	1	7.69825	1.14992
2.45958	1	5.73419	1.11165
3.74557	1	7.07471	1.08787
3.81862	1	7.07174	1.06629
5.22822	1	9.01617	1.15071
3.69781	1	7.16867	1.12733
4.21583	1	7.68288	1.11079
3.09662	1	6.45076	1.11436
4.10111	1	7.39122	1.07074
3.73788	1	7.2175	1.12831
3.60989	1	7.11451	1.13979
3.67855	1	7.09537	1.11331
4.12437	1	7.42283	1.07236
3.68553	1	7.21734	1.1443
3.72728	1	7.21709	1.13141
3.78926	1	7.40686	1.16299
4.3585	1	7.78814	1.09858
4.00287	1	7.52143	1.12955
3.98845	1	7.49408	1.12677
3.97351	1	7.35515	1.09605
3.32845	1	6.86014	1.15974
4.23823	1	7.73895	1.11814
5.35524	1	9.0563	1.13091
4.05145	1	7.60442	1.13649
3.724	1	7.27132	1.14697
3.72913	1	6.97342	1.06551
4.26992	1	7.63502	1.0855
3.48602	1	6.92356	1.12552
3.86655	1	7.41214	1.14111
3.0112	1	6.44752	1.1449
4.13422	1	7.61917	1.1173
4.30816	1	7.76783	1.1067
4.28395	1	7.63618	1.08222
4.17148	1	7.66647	1.11866
4.13308	1	7.56607	1.10476
4.95346	1	8.61378	1.1333
4.14156	1	7.63375	1.11884
4.24816	1	7.82004	1.13462
3.91657	1	7.49831	1.14853
3.81084	1	7.28858	1.12536
3.90474	1	7.22829	1.08286
4.10538	1	7.36413	1.06303
3.91092	1	7.50521	1.15196
4.63533	1	7.94096	1.06593
3.30967	1	6.7986	1.14773
3.82982	1	7.37704	1.14288
3.91426	1	7.38986	1.1215
3.4772	1	6.92422	1.12856
2.05459	1	5.40631	1.17119
3.7394	1	7.47119	1.1957
4.12501	1	7.68515	1.13579
5.06231	1	8.56474	1.09925
4.06862	1	7.41608	1.0854
3.91669	1	7.53756	1.15852
4.33995	1	7.54815	1.04797
3.93095	1	7.435	1.12822
4.04235	1	7.62381	1.14384
2.82088	1	6.23825	1.14796
4.58468	1	7.96667	1.08332
3.96057	1	7.47194	1.12912
3.95695	1	7.28274	1.08234
4.25669	1	7.6984	1.10377
3.82594	1	7.23295	1.10638
3.97716	1	7.50006	1.13148
3.97741	1	7.39523	1.10505
4.30862	1	7.68483	1.08732
3.80036	1	7.26539	1.12236
3.51958	1	7.07198	1.15695
4.71699	1	7.79396	1.01632
4.03563	1	7.43534	1.09905
3.10357	1	6.47417	1.11941
3.79753	1	7.24623	1.11816
4.0088	1	7.46303	1.11331
3.85814	1	7.29596	1.11348
3.78375	1	7.39997	1.16286
4.02102	1	7.45973	1.1091
3.85603	1	7.21391	1.09281
4.22659	1	7.84225	1.14566
4.11562	1	7.58675	1.11447
3.73035	1	7.31857	1.15769
4.18625	1	7.55222	1.08742
4.409	1	7.59424	1.04202
4.55282	1	7.86449	1.06846
2.9351	1	6.41263	1.1627
3.6255	1	7.12179	1.13689
3.89293	1	7.2863	1.10105
3.76791	1	7.42199	1.17359
3.89256	1	7.3398	1.1149
2.99401	1	6.297	1.1012
3.66812	1	7.0013	1.09083
3.76195	1	7.21032	1.11918
3.87128	1	7.33181	1.11896
3.85224	1	7.10181	1.06479
3.86489	1	7.50387	1.16533
3.4076	1	6.78872	1.11185
4.17945	1	7.49428	1.07533
4.26577	1	7.68696	1.09874
2.88261	1	6.21813	1.11639
4.15536	1	7.94456	1.18992
4.47342	1	7.92604	1.10118
4.23388	1	7.7077	1.11191
3.51255	1	6.89532	1.10897
4.15459	1	7.68605	1.12792
4.29438	1	7.67286	1.08813
3.64127	1	7.17626	1.14692
4.20614	1	7.80623	1.14267
4.12064	1	7.55287	1.10489
4.4438	1	8.05379	1.13727
4.26626	1	7.72747	1.10811
4.28698	1	7.64221	1.08286
3.81501	1	7.41249	1.15661
5.05068	1	8.70394	1.12934
4.32895	1	7.93404	1.13978
3.15283	1	6.5294	1.11944
4.22609	1	7.55547	1.07794
3.67002	1	7.0386	1.10043
3.60791	1	7.20129	1.16447
3.90512	1	7.54326	1.16341
4.29117	1	7.7269	1.10154
2.89627	1	6.11058	1.07399
3.99235	1	7.53822	1.13673
5.07476	1	8.63381	1.11016
3.82022	1	7.32397	1.13186
3.60717	1	7.24108	1.17574
4.12578	1	7.58858	1.11218
3.64081	1	6.85586	1.05907
4.03051	1	7.36907	1.084
3.94974	1	7.61994	1.16968
3.81791	1	7.33663	1.13587
3.34242	1	6.85061	1.15204
4.64453	1	7.83156	1.04027
3.66024	1	7.03923	1.10354
4.61839	1	8.1594	1.11714
4.24363	1	7.73899	1.11673
4.13776	1	7.628	1.11848
3.40837	1	6.77784	1.1084
3.93143	1	7.52068	1.14988
3.80343	1	7.18492	1.1003
3.65785	1	7.17248	1.14069
2.8834	1	6.29033	1.14113
4.29116	1	8.02107	1.1701
3.82821	1	7.21225	1.10032
5.50429	1	9.22147	1.1303
3.68204	1	7.30657	1.16961
4.02129	1	7.73154	1.17662
4.32428	1	7.80829	1.11193
3.09822	1	6.44051	1.11048
3.00199	1	6.46917	1.15562
4.15037	1	7.45972	1.07453
4.43669	1	7.96243	1.1185
3.76583	1	7.3693	1.16025
4.38529	1	7.63352	1.0566
4.63285	1	8.27816	1.13929
4.43009	1	7.9789	1.12388
8.79238	1	12.9381	1.13031
4.12095	1	7.75298	1.15337
6.19931	1	9.85658	1.10602
2.99998	1	6.37172	1.12391
3.16144	1	6.55362	1.12405
2.80978	1	6.18406	1.13321
5.30839	1	8.76661	1.08632
4.10301	1	7.44309	1.08289
3.90409	1	7.35434	1.11533
4.19188	1	7.73907	1.13053
4.04741	1	7.59597	1.13553
2.38123	1	5.71479	1.14008
3.35327	1	6.73663	1.11432
3.93922	1	7.3768	1.11108
4.17804	1	7.59221	1.09913
3.15234	1	6.70232	1.17447
3.5796	1	7.03545	1.12735
3.80514	1	7.32113	1.1356
3.12822	1	6.6104	1.15414
4.16333	1	7.52161	1.08606
3.4927	1	6.98302	1.14038
4.41183	1	7.54583	1.03037
4.11793	1	7.64742	1.12858
4.01764	1	7.72939	1.17716
3.82228	1	7.4532	1.16507
3.06415	1	6.51309	1.14651
3.11513	1	6.55815	1.14222
3.81966	1	7.31163	1.1288
3.89292	1	7.17149	1.07156
3.69071	1	6.96839	1.07524
3.97124	1	7.65499	1.17218
3.46736	1	7.03144	1.16268
3.47245	1	7.12082	1.18672
4.16715	1	7.61348	1.10711
3.46843	1	7.08193	1.17688
3.61367	1	7.05635	1.1225
3.13349	1	6.6269	1.15747
2.4035	1	5.64491	1.10044
3.28506	1	6.7511	1.14187
3.94479	1	7.16539	1.05592
4.33807	1	7.65335	1.07268
5.48206	1	8.98469	1.09169
3.38833	1	6.82852	1.12991
3.44373	1	7.04438	1.17442
3.81352	1	7.22917	1.109
3.87051	1	7.41513	1.14071
4.28047	1	7.64519	1.08521
3.55727	1	7.03321	1.13379
3.94938	1	7.43619	1.12326
4.09518	1	7.64698	1.13474
3.0109	1	6.54947	1.17887
4.22531	1	7.67325	1.10601
3.56028	1	7.01957	1.129
3.92506	1	7.24861	1.08243
4.3863	1	7.80181	1.09473
4.23105	1	7.67155	1.10411
3.57602	1	7.11132	1.14969
2.71165	1	6.16096	1.16569
4.24323	1	7.67644	1.10209
3.69108	1	7.20357	1.13884
3.73151	1	7.04488	1.08398
4.08462	1	7.46783	1.09382
4.25386	1	7.55868	1.07166
3.32916	1	6.53745	1.06256
4.59424	1	7.88899	1.06416
4.25455	1	7.71808	1.10895
4.10082	1	7.67158	1.13918
3.54101	1	7.14386	1.17025
4.76983	1	8.54875	1.1633
2.91151	1	6.30668	1.13573
4.05662	1	7.44282	1.0952
3.89469	1	7.42764	1.13684
3.86467	1	7.26315	1.10311
4.23253	1	7.78477	1.13048
4.08274	1	7.58604	1.12328
4.02145	1	7.62714	1.15061
4.36449	1	7.74394	1.08694
4.05076	1	7.5907	1.13329
4.44393	1	7.76106	1.07136
4.06819	1	7.54855	1.11808
4.44416	1	7.868	1.09537
4.03844	1	7.57012	1.13165
3.26075	1	6.83317	1.17555
4.02232	1	7.48906	1.11604
3.96819	1	7.3314	1.09153
2.70589	1	6.10795	1.14859
4.71385	1	8.21917	1.1072
3.56088	1	7.01287	1.12693
4.10659	1	7.46851	1.08813
3.68267	1	7.30442	1.16883
4.44016	1	7.68722	1.05564
4.9295	1	8.2884	1.07281
2.97912	1	6.44166	1.15526
3.96029	1	7.43224	1.11917
4.26863	1	7.49945	1.05407
3.84131	1	7.28805	1.1163
4.13893	1	7.6952	1.1344
3.80716	1	7.24868	1.11597
3.88755	1	7.31417	1.10974
3.78622	1	7.35497	1.15022
3.06444	1	6.40834	1.11222
4.2122	1	7.72293	1.12125
4.62432	1	8.24154	1.13347
3.50497	1	6.84013	1.09562
3.35346	1	6.77174	1.12473
5.24318	1	9.04176	1.15231
3.49553	1	6.85024	1.10148
4.14281	1	7.65326	1.12321
3.92384	1	7.21489	1.07418
3.82393	1	7.32482	1.13099
3.60098	1	7.01206	1.11416
3.57122	1	6.86873	1.08331
4.25774	1	7.77531	1.12156
4.35238	1	7.99132	1.1468
4.14835	1	7.6751	1.12698
3.78201	1	7.22376	1.1168
4.25501	1	7.62843	1.08776
3.79664	1	7.31105	1.13549
4.16569	1	7.77185	1.14551
3.94596	1	7.43604	1.1242
3.90445	1	7.28415	1.09725
3.99541	1	7.34889	1.08847
3.04309	1	6.39738	1.11642
3.41535	1	6.9076	1.14413
3.8369	1	7.28851	1.1177
3.76495	1	7.29629	1.14113
4.01927	1	7.60646	1.14609
3.47224	1	7.13044	1.18956
3.68019	1	7.15569	1.12921
4.85765	1	8.35844	1.10309
4.53822	1	7.85743	1.07034
3.90086	1	7.40646	1.12961
4.28254	1	7.78051	1.11628
4.2179	1	7.6802	1.1096
3.75119	1	7.26141	1.13602
4.10551	1	7.69094	1.1426
3.33187	1	7.04388	1.21369
3.24106	1	6.60856	1.11339
4.0792	1	7.74424	1.16303
4.29319	1	7.52282	1.05349
3.51908	1	7.08936	1.16206
3.4026	1	6.86883	1.13702
4.32917	1	7.81118	1.11134
4.3592	1	7.58805	1.0525
3.86607	1	7.55024	1.17697
3.91101	1	7.19451	1.07249
4.42859	1	7.71569	1.06483
4.15202	1	7.51042	1.08632
4.197	1	7.61782	1.10027
4.3256	1	7.80282	1.11033
4.3824	1	7.85273	1.10732
3.91148	1	7.53741	1.16003
3.92597	1	7.55405	1.15998
3.96775	1	7.52429	1.14027
3.64268	1	7.08746	1.1221
4.35399	1	7.825	1.10818
3.63778	1	7.08486	1.1229
4.34537	1	7.77593	1.09908
3.46631	1	7.06043	1.1714
3.85061	1	7.34034	1.12718
3.54864	1	6.92746	1.10675
4.31791	1	7.65897	1.07899
4.39568	1	7.76557	1.08415
3.69181	1	7.18253	1.13292
3.94045	1	7.34525	1.10273
4.16696	1	7.69958	1.12782
4.06819	1	7.75963	1.16996
3.84564	1	7.12976	1.07388
3.59707	1	6.92035	1.08987
3.9372	1	7.37943	1.11232
4.13183	1	7.73697	1.14646
3.25817	1	6.53939	1.08631
4.14261	1	7.73172	1.14221
4.19601	1	7.70726	1.12184
3.81623	1	7.40924	1.15539
4.23141	1	7.60027	1.08717
4.15431	1	7.39508	1.05796
4.13842	1	7.68678	1.1325
3.39644	1	6.98552	1.17344
3.83146	1	7.43076	1.15642
3.9553	1	7.47367	1.13105
3.50781	1	7.10806	1.17112
1.88345	1	5.15868	1.14613
4.58791	1	7.9629	1.08173
3.85553	1	7.49109	1.16484
4.18113	1	7.736	1.13271
3.11158	1	6.61408	1.16149
5.30368	1	9.01843	1.13477
3.76394	1	7.3198	1.14768
3.94898	1	7.42244	1.11989
3.77577	1	7.46879	1.18355
3.91751	1	7.53229	1.15693
3.73212	1	7.16581	1.1162
4.17312	1	7.62678	1.10871
4.30009	1	7.59936	1.0696
3.94196	1	7.37461	1.10976
4.21636	1	7.78528	1.13493
4.28015	1	7.75833	1.11172
3.13227	1	6.55619	1.13534
4.13939	1	7.71849	1.1399
2.9038	1	6.29317	1.13409
3.79791	1	7.27988	1.1269
4.01801	1	7.20146	1.04566
3.33508	1	6.98454	1.19473
3.83955	1	7.13049	1.07577
3.90361	1	7.49752	1.15214
4.15857	1	7.71601	1.13405
3.84513	1	7.24813	1.10481
3.4902	1	6.94369	1.12993
4.39346	1	7.71784	1.07383
3.75305	1	7.19042	1.11654
4.08463	1	7.60438	1.12725
4.22567	1	7.6821	1.10801
4.74058	1	8.15193	1.08677
3.56202	1	7.15004	1.16508
3.83094	1	7.40869	1.15081
3.98908	1	7.52328	1.13392
4.75	1	8.24696	1.10462
3.87414	1	7.29391	1.10835
4.0197	1	7.77296	1.18739
4.86726	1	8.65835	1.16253
4.01766	1	7.56879	1.13718
4.71008	1	8.1762	1.09896
3.96999	1	7.36435	1.09933
3.25911	1	6.69798	1.13466
3.02141	1	6.38186	1.1193
4.01746	1	7.48457	1.11627
3.36518	1	6.74398	1.11256
4.41037	1	7.85575	1.10098
3.24084	1	6.72936	1.15074
3.9044	1	7.62601	1.18482
5.16951	1	8.8964	1.14061
3.90052	1	7.45843	1.14303
3.85389	1	7.22771	1.097
3.54441	1	6.91607	1.10486
4.36463	1	7.74987	1.08827
3.17833	1	6.51534	1.10603
4.11037	1	7.2634	1.03723
3.92433	1	7.41787	1.12576
4.10895	1	7.40245	1.07143
4.32178	1	8.07957	1.17534
4.57454	1	8.15064	1.12594
4.35957	1	7.84461	1.11126
3.81117	1	7.37895	1.14898
3.9024	1	7.56967	1.17099
3.81018	1	7.2361	1.11178
3.53869	1	6.91093	1.10519
4.46925	1	7.8329	1.08137
3.72683	1	7.17577	1.12046
4.29483	1	7.87114	1.13419
4.22862	1	7.89549	1.15771
3.68138	1	7.26471	1.15845
4.22201	1	7.76763	1.12923
3.82786	1	7.30623	1.12497
4.20629	1	7.43436	1.05422
4.05594	1	7.49466	1.10817
4.79047	1	8.40641	1.12858
4.9762	1	8.67081	1.13959
3.17547	1	6.65242	1.1502
3.95761	1	7.37284	1.10492
3.89296	1	7.46826	1.14778
3.80258	1	7.26241	1.12093
4.57846	1	8.21979	1.14008
3.74201	1	7.16305	1.11252
3.87398	1	7.3271	1.11696
3.91831	1	7.20022	1.07195
4.03857	1	7.56844	1.1312
6.40572	1	10.5742	1.18241
3.85401	1	7.26109	1.10563
3.65409	1	7.14319	1.13385
4.03838	1	7.28596	1.06131
4.26236	1	7.55352	1.06831
3.50879	1	7.19173	1.19464
3.49231	1	6.8058	1.08977
4.34452	1	7.8562	1.11778
4.17125	1	7.52389	1.08454
4.28229	1	7.84014	1.13027
3.92769	1	7.63304	1.17958
3.28291	1	6.78492	1.15292
5.60777	1	8.96094	1.06298
4.30657	1	7.75216	1.10347
3.78475	1	7.19981	1.10966
3.89374	1	7.46084	1.14565
3.63275	1	7.23713	1.16637
4.15277	1	7.66281	1.12282
3.83087	1	7.41908	1.15355
3.82833	1	7.42828	1.15671
3.70944	1	7.2587	1.14807
3.52738	1	7.16522	1.18083
3.60515	1	7.10589	1.1389
4.24878	1	7.7879	1.12689
4.03779	1	7.68528	1.16036
3.5246	1	7.08966	1.16032
4.15773	1	7.44896	1.07005
3.03479	1	6.33841	1.10005
3.43336	1	6.9068	1.1379
3.61552	1	6.92708	1.08617
3.87267	1	7.31393	1.11394
3.48403	1	7.07253	1.16891
3.83402	1	7.35461	1.13578
3.92777	1	7.46772	1.13747
3.80959	1	7.24581	1.11451
3.62547	1	7.22008	1.16401
4.02615	1	7.59704	1.14179
3.85041	1	7.35779	1.13177
3.95604	1	7.5016	1.1379
3.4666	1	6.84979	1.11054
3.58207	1	7.02179	1.12276
3.46956	1	6.88122	1.11865
4.20786	1	7.78248	1.13656
3.11129	1	6.45081	1.10913
4.20016	1	7.80928	1.14502
4.04582	1	7.28189	1.05835
3.93107	1	7.46938	1.13694
3.78754	1	7.23609	1.11843
3.89891	1	7.57593	1.17364
4.18986	1	7.84997	1.15755
4.85029	1	8.69338	1.17382
3.74584	1	7.22106	1.12687
3.4195	1	6.84678	1.12495
3.9707	1	7.58802	1.15547
4.21026	1	7.53869	1.07801
3.30555	1	6.83994	1.16166
2.89437	1	6.36751	1.16347
4.0818	1	7.47718	1.09687
4.06613	1	7.47537	1.10064
3.34224	1	6.84559	1.1506
3.0956	1	6.49654	1.12952
4.22832	1	7.64351	1.09819
4.90551	1	7.90644	1.00019
4.03118	1	7.45634	1.10547
4.15245	1	7.3482	1.04714
4.12535	1	7.62603	1.12137
4.06107	1	7.74932	1.16948
3.82257	1	7.43254	1.15957
4.25765	1	7.74858	1.11531
3.66489	1	7.32284	1.17953
4.04725	1	7.50941	1.11419
3.25674	1	6.7512	1.15183
3.32494	1	6.8482	1.15737
3.74849	1	7.28524	1.14319
4.13214	1	7.37667	1.05918
3.95334	1	7.54005	1.14841
3.82813	1	7.48636	1.17194
3.64653	1	7.22358	1.15825
3.45707	1	6.91895	1.13361
4.12342	1	7.59293	1.11386
6.17378	1	9.85356	1.11011
3.98514	1	7.31707	1.08329
4.20615	1	7.5131	1.07298
3.84562	1	7.38167	1.13939
3.71093	1	7.25567	1.14679
3.64706	1	7.0998	1.12414
4.15699	1	7.8617	1.16952
4.04233	1	7.40159	1.08888
3.44395	1	6.94518	1.14554
3.69127	1	7.1648	1.12829
4.63653	1	8.04493	1.08808
4.6503	1	8.14241	1.10582
3.80444	1	7.30683	1.13205
5.24565	1	8.96	1.13618
4.00743	1	7.59562	1.14677
3.73412	1	7.21627	1.12912
3.64216	1	7.14379	1.13773
3.93883	1	7.55825	1.15726
4.02859	1	7.58528	1.13819
3.91188	1	7.34485	1.11068
3.34809	1	6.78254	1.12976
3.59354	1	7.13621	1.15101
4.11282	1	7.65637	1.13216
4.30521	1	7.77652	1.10947
3.86092	1	7.39738	1.13894
4.19999	1	7.67402	1.11286
4.35762	1	8.08176	1.16618
3.79562	1	7.31085	1.13574
4.27552	1	7.75929	1.11315
3.95386	1	7.39916	1.11262
4.45366	1	7.80452	1.07878
2.84519	1	6.16762	1.11333
4.11831	1	7.54645	1.10396
3.66651	1	7.06467	1.10859
3.81795	1	7.29426	1.12476
4.12535	1	7.7378	1.14846
3.98654	1	7.39062	1.10136
3.48782	1	6.918	1.12334
4.45281	1	7.74788	1.06627
3.89949	1	7.2308	1.08496
3.93585	1	7.47568	1.13716
4.7111	1	8.37384	1.14068
3.69187	1	7.25134	1.15154
4.08973	1	7.79161	1.17162
4.59919	1	8.02519	1.09262
3.55084	1	6.95826	1.11474
3.21234	1	6.66403	1.14061
4.15224	1	7.59945	1.1077
3.68373	1	7.31274	1.17075
3.66298	1	7.15125	1.1333
4.60378	1	7.78225	1.03877
3.81689	1	7.26066	1.11627
3.89636	1	7.53205	1.16315
4.47824	1	7.82129	1.0766
4.12565	1	7.62092	1.12004
4.24149	1	7.59239	1.08273
3.94172	1	7.59777	1.16644
4.14622	1	7.70639	1.1351
2.57166	1	5.83287	1.10157
4.377	1	7.86814	1.11221
3.88481	1	7.38306	1.12825
4.08449	1	7.60146	1.12657
3.86593	1	7.24668	1.09849
4.82579	1	8.28384	1.09492
4.23921	1	7.72749	1.11518
4.21616	1	7.75406	1.12758
4.62024	1	7.91599	1.06401
3.44369	1	6.83869	1.1147
3.89625	1	7.54232	1.16582
4.30594	1	7.82083	1.11958
3.68797	1	7.47166	1.2125
3.85298	1	7.44325	1.1532
4.08427	1	7.61743	1.13054
3.27954	1	6.79111	1.15599
3.89142	1	7.43865	1.14062
4.28276	1	7.89036	1.14187
4.15777	1	7.75426	1.14346
3.74056	1	7.21772	1.12756
5.138	1	8.91286	1.15081
4.10094	1	7.5614	1.11228
3.92557	1	7.53334	1.15482
3.06689	1	6.50376	1.14245
4.30144	1	7.72971	1.09957
4.53706	1	7.88631	1.07698
3.93123	1	7.28129	1.08904
3.75752	1	7.26851	1.13599
3.66235	1	7.13852	1.13002
3.94265	1	7.39639	1.11508
3.75639	1	7.17651	1.11184
3.84807	1	7.41048	1.14615
4.27182	1	7.72155	1.10528
3.98585	1	7.42789	1.1109
4.25175	1	7.57361	1.0757
4.13388	1	7.45436	1.07752
4.07381	1	7.63408	1.13753
3.70944	1	6.96301	1.06836
4.37137	1	7.5763	1.04688
4.02721	1	7.43105	1.10028
3.35235	1	6.85151	1.1489
5.42212	1	9.27878	1.15799
4.08937	1	7.46458	1.09175
4.4584	1	7.7682	1.06949
4.4898	1	7.7846	1.06566
3.237	1	6.66641	1.13266
3.34511	1	6.90592	1.16765
4.01752	1	7.5912	1.1428
3.58319	1	7.18261	1.16729
4.2547	1	7.51303	1.06072
3.54732	1	7.04717	1.14091
3.86514	1	7.22409	1.09287
4.24001	1	7.69989	1.10846
3.62384	1	7.03457	1.11334
2.9611	1	6.4002	1.14829
3.90933	1	7.38408	1.12144
3.70279	1	7.3035	1.16223
4.13031	1	7.72476	1.14392
4.19257	1	7.65913	1.11128
4.26065	1	7.55639	1.06941
4.08297	1	7.61501	1.13031
4.29865	1	7.66231	1.0846
3.80792	1	7.28143	1.12435
4.89782	1	8.4603	1.11484
3.8554	1	7.44543	1.15304
3.49689	1	7.00223	1.14451
3.83461	1	7.39904	1.1472
4.26029	1	7.71129	1.10586
3.30093	1	6.77511	1.14365
4.39057	1	7.7332	1.07804
3.82777	1	7.39343	1.14778
3.80494	1	7.25411	1.11805
3.92137	1	7.33394	1.10521
3.56419	1	7.0778	1.1441
4.25168	1	7.65925	1.09586
4.21037	1	7.82851	1.14681
3.91644	1	7.50808	1.15106
3.82047	1	7.01864	1.05187
3.54633	1	7.05464	1.14334
4.1688	1	7.60878	1.10554
4.34764	1	7.97381	1.14403
4.4706	1	7.80134	1.07398
3.82763	1	7.39256	1.14759
3.65043	1	7.29506	1.17659
4.36941	1	7.99209	1.14251
4.21754	1	7.59791	1.09019
4.2422	1	7.90753	1.15684
3.58653	1	7.03607	1.12534
3.69078	1	7.23363	1.14708
3.75515	1	7.26766	1.13648
4.1163	1	7.68505	1.13817
3.26303	1	6.73768	1.14546
3.95393	1	7.55639	1.15237
3.90433	1	7.42925	1.13444
4.14393	1	7.64296	1.12042
4.94972	1	8.51399	1.114
3.40615	1	6.74748	1.10021
4.83052	1	7.86186	1.00649
6.20658	1	9.611	1.06516
3.18431	1	6.62212	1.13749
3.61255	1	6.98257	1.10243
3.70272	1	7.34494	1.17344
3.72862	1	7.01158	1.07589
4.01041	1	7.4939	1.12056
3.91858	1	7.45825	1.13772
4.21111	1	7.69727	1.11545
3.66788	1	7.15335	1.13236
3.82758	1	7.3552	1.13785
3.5614	1	7.0691	1.14256
3.64438	1	7.17052	1.14437
3.80431	1	7.39557	1.15542
4.06765	1	7.39291	1.07996
2.44079	1	5.81246	1.15227
3.55234	1	6.80228	1.07036
3.72897	1	7.29976	1.15307
3.81126	1	7.21061	1.10478
4.34967	1	7.98932	1.14706
4.07633	1	7.58355	1.12443
4.03899	1	7.55279	1.12721
4.33905	1	7.52734	1.04339
3.71125	1	7.413	1.18909
3.0228	1	6.4441	1.13937
2.41798	1	5.90889	1.20303
3.98735	1	7.5328	1.13679
3.42561	1	6.77524	1.10206
4.13654	1	7.7143	1.13967
4.09915	1	7.72219	1.15199
3.66692	1	7.18838	1.14221
3.9663	1	7.34119	1.09452
3.94856	1	7.39901	1.11408
3.62356	1	6.76746	1.03971
3.92164	1	7.36583	1.11327
3.49998	1	6.92414	1.12119
3.25767	1	6.65562	1.12216
4.02069	1	7.42493	1.10054
3.04515	1	6.64225	1.19608
4.30013	1	7.66898	1.08578
4.13133	1	7.47969	1.08432
3.41182	1	6.74855	1.0987
3.37784	1	6.71357	1.09939
3.70804	1	7.18344	1.12821
4.19043	1	7.69465	1.12032
4.00881	1	7.62462	1.15361
3.53198	1	7.07268	1.15309
4.28678	1	7.60108	1.07332
4.48561	1	8.09677	1.13625
3.55033	1	6.94376	1.11082
3.61232	1	7.11018	1.13782
4.27929	1	7.70919	1.10046
3.77616	1	7.17542	1.10573
3.69311	1	7.21252	1.14064
2.51938	1	5.93589	1.16532
4.33328	1	7.7759	1.10214
3.33317	1	6.77071	1.13127
4.07363	1	7.71905	1.15844
5.22161	1	8.70582	1.09273
3.58811	1	7.03504	1.12456
3.8955	1	7.06043	1.04234
4.06315	1	7.71632	1.16075
3.63366	1	7.08941	1.12542
3.50457	1	7.10096	1.17017
3.51803	1	7.07956	1.15961
4.70475	1	8.16769	1.0984
3.36161	1	6.68739	1.09691
3.47718	1	6.93389	1.13134
4.38833	1	7.74866	1.08211
3.96636	1	7.34897	1.09646
3.96241	1	7.46238	1.12618
3.66666	1	7.2317	1.1541
3.98186	1	7.34815	1.09199
4.09374	1	7.71123	1.15084
4.02614	1	7.43519	1.1016
3.9156	1	7.38825	1.12071
3.25122	1	6.63493	1.11802
4.50924	1	7.93464	1.09434
3.30793	1	6.907	1.1811
3.91085	1	7.59853	1.17584
4.47291	1	8.19682	1.16184
2.41547	1	5.65148	1.09771
4.23165	1	7.76722	1.12656
3.30295	1	6.86934	1.17148
2.45338	1	5.97139	1.21114
4.63507	1	8.23533	1.1295
4.42815	1	8.17582	1.16884
4.35201	1	7.56285	1.04845
5.26532	1	8.64977	1.07302
3.76379	1	7.36384	1.15943
4.04863	1	7.62255	1.14176
3.51621	1	6.96571	1.12784
3.20944	1	6.67396	1.14473
4.24062	1	7.71289	1.11137
4.13154	1	7.72024	1.14249
4.42161	1	7.89277	1.10656
3.76908	1	7.36094	1.15703
4.13083	1	7.72534	1.14392
3.44845	1	6.82941	1.11047
3.3561	1	6.75657	1.11933
2.99031	1	6.48094	1.16407
3.17966	1	6.60767	1.13461
4.39967	1	7.85866	1.10432
4.52419	1	7.91432	1.08623
3.49993	1	7.08391	1.16685
4.18584	1	7.73908	1.13217
3.79958	1	7.23808	1.11541
3.78124	1	7.29134	1.1349
4.38482	1	7.74209	1.08148
3.42464	1	6.81892	1.11513
4.54754	1	8.07709	1.11645
3.93463	1	7.45542	1.13236
3.97561	1	7.47825	1.12643
4.20907	1	7.76781	1.13275
4.11044	1	7.52702	1.10135
3.05634	1	6.33947	1.09264
4.14779	1	7.66496	1.12468
4.53101	1	7.9821	1.09956
3.30746	1	6.60051	1.0886
4.0355	1	7.55141	1.12784
3.51855	1	7.08326	1.16049
3.54786	1	7.18622	1.17993
3.81923	1	7.30699	1.12771
3.65281	1	7.25502	1.16486
4.13265	1	7.76565	1.15317
3.34111	1	6.91197	1.17086
3.8051	1	7.30803	1.13217
3.60304	1	7.1605	1.15472
3.84237	1	7.26295	1.10946
6.08502	1	9.81366	1.11974
4.25529	1	7.55522	1.07049
3.67146	1	7.26963	1.16293
4.41128	1	8.10519	1.1573
3.80662	1	7.37007	1.14802
4.35468	1	7.76985	1.09534
4.14697	1	7.76209	1.14833
3.83665	1	7.18247	1.09013
4.54152	1	7.80206	1.05737
3.66227	1	7.16213	1.13649
3.96504	1	7.49396	1.1334
4.23577	1	7.78559	1.1298
3.68358	1	7.26913	1.15896
4.23902	1	7.79027	1.13004
4.21003	1	7.65585	1.10589
4.13811	1	7.60809	1.11357
3.87547	1	7.02935	1.03971
3.97228	1	7.6076	1.15994
6.84032	1	10.5515	1.10396
3.70528	1	7.08454	1.10236
4.20694	1	7.63424	1.10157
4.42589	1	7.7736	1.07856
4.0479	1	7.46317	1.10259
3.30764	1	6.69344	1.11664
4.1632	1	7.792	1.15104
3.97761	1	7.50355	1.13223
4.14555	1	7.52629	1.09184
3.42827	1	6.95863	1.1547
4.12698	1	7.72773	1.14557
4.08688	1	7.4639	1.09225
4.50767	1	7.89649	1.08626
3.81211	1	7.23144	1.11
4.84119	1	8.67288	1.17179
4.32359	1	7.79285	1.10853
3.74983	1	7.36753	1.16473
3.67403	1	7.16953	1.13487
3.22469	1	6.72903	1.1564
4.02098	1	7.67403	1.16241
3.30598	1	6.71221	1.12288
4.04861	1	7.28923	1.05943
3.90376	1	7.26486	1.0925
4.26558	1	7.80404	1.12623
4.06943	1	7.58478	1.12664
4.28914	1	7.74273	1.10575
4.63684	1	7.98127	1.07428
4.082	1	7.64874	1.13884
4.15036	1	7.66121	1.12309
3.64946	1	7.17936	1.1452
4.07841	1	7.54426	1.11422
3.74039	1	7.25032	1.13633
4.54053	1	7.84753	1.06761
3.44587	1	6.94337	1.14438
4.43898	1	7.70876	1.06077
4.2413	1	7.74073	1.11775
3.71761	1	7.32851	1.16433
4.19433	1	7.55617	1.08627
4.04471	1	7.51835	1.1171
4.10208	1	7.62242	1.12685
3.86331	1	7.26426	1.10378
4.17125	1	7.73747	1.13574
4.02997	1	7.65353	1.15473
3.27657	1	6.79166	1.15721
3.69455	1	6.9651	1.07323
4.08961	1	7.49473	1.09906
3.68312	1	7.18854	1.13722
4.12252	1	7.75012	1.15224
